  0   0   0   0   0   0
  0   0   0   0   0   0   0   0   0   0   0   0
  0   0   0   0   0   0   0   0   0   0   0   0
  0   0   0   0   0   0   0   0   0   0   0   0
  0   0   0   0   0   0   0   0   0   0   0   0
  0   0   0   0   0   0   0   0   0   0   0   0
  0   0   0   0   0   0   0   0   0   0   0   0
  0   0   0   0   0   0   0   0   0   0   0   0
  0   0   0   0   0   0   0   0   0   0   0   0
  0   0   0   0   0   0   0   0   0   0   0   0
  0   0   0  10  10  10  22  22  22  54  54  54
 94  94  94  18  18  18   2   2   6  46  46  46
234 234 234 221 221 221 190 190 190 190 190 190
190 190 190 187 187 187 187 187 187 190 190 190
190 190 190 195 195 195 214 214 214 242 242 242
253 253 253 253 253 253 253 253 253 253 253 253
 82  82  82   2   2   6   2   2   6   2   2   6
  2   2   6   2   2   6   2   2   6  14  14  14
 86  86  86  54  54  54  22  22  22   6   6   6
  0   0   0   0   0   0   0   0   0   0   0   0
  0   0   0   0   0   0   0   0   0   0   0   0
  0   0   0   0   0   0   0   0   0   0   0   0
  0   0   0   0   0   0   0   0   0   0   0   0
  0   0   0   0   0   0   0   0   0   0   0   0
  0   0   0   0   0   0   0   0   0   0   0   0
  0   0   0   0   0   0   0   0   0   0   0   0
  0   0   0   0   0   0   0   0   0   0   0   0
  0   0   0   0   0   0   0   0   0   0   0   0
  0   0   0   0   0   0   0   0   0   0   0   0
  0   0   0   0   0   0   0   0   0   0   0   0
  6   6   6  18  18  18  46  46  46  90  90  90
 46  46  46  18  18  18   6   6   6 182 182 182
253 253 253 246 246 246 206 206 206 190 190 190
190 190 190 190 190 190 190 190 190 190 190 190
206 206 206 231 231 231 250 250 250 253 253 253
253 253 253 253 253 253 253 253 253 253 253 253
202 202 202  14  14  14   2   2   6   2   2   6
  2   2   6   2   2   6   2   2   6   2   2   6
 42  42  42  86  86  86  42  42  42  18  18  18
  6   6   6   0   0   0   0   0   0   0   0   0
  0   0   0   0   0   0   0   0   0   0   0   0
  0   0   0   0   0   0   0   0   0   0   0   0
  0   0   0   0   0   0   0   0   0   0   0   0
  0   0   0   0   0   0   0   0   0   0   0   0
  0   0   0   0   0   0   0   0   0   0   0   0
  0   0   0   0   0   0   0   0   0   0   0   0
  0   0   0   0   0   0   0   0   0   0   0   0
  0   0   0   0   0   0   0   0   0   0   0   0
  0   0   0   0   0   0   0   0   0   0   0   0
  0   0   0   0   0   0   0   0   0   6   6   6
 14  14  14  38  38  38  74  74  74  66  66  66
  2   2   6   6   6   6  90  90  90 250 250 250
253 253 253 253 253 253 238 238 238 198 198 198
190 190 190 190 190 190 195 195 195 221 221 221
246 246 246 253 253 253 253 253 253 253 253 253
253 253 253 253 253 253 253 253 253 253 253 253
253 253 253  82  82  82   2   2   6   2   2   6
  2   2   6   2   2   6   2   2   6   2   2   6
  2   2   6  78  78  78  70  70  70  34  34  34
 14  14  14   6   6   6   0   0   0   0   0   0
  0   0   0   0   0   0   0   0   0   0   0   0
  0   0   0   0   0   0   0   0   0   0   0   0
  0   0   0   0   0   0   0   0   0   0   0   0
  0   0   0   0   0   0   0   0   0   0   0   0
  0   0   0   0   0   0   0   0   0   0   0   0
  0   0   0   0   0   0   0   0   0   0   0   0
  0   0   0   0   0   0   0   0   0   0   0   0
  0   0   0   0   0   0   0   0   0   0   0   0
  0   0   0   0   0   0   0   0   0   0   0   0
  0   0   0   0   0   0   0   0   0  14  14  14
 34  34  34  66  66  66  78  78  78   6   6   6
  2   2   6  18  18  18 218 218 218 253 253 253
253 253 253 253 253 253 253 253 253 246 246 246
226 226 226 231 231 231 246 246 246 253 253 253
253 253 253 253 253 253 253 253 253 253 253 253
253 253 253 253 253 253 253 253 253 253 253 253
253 253 253 178 178 178   2   2   6   2   2   6
  2   2   6   2   2   6   2   2   6   2   2   6
  2   2   6  18  18  18  90  90  90  62  62  62
 30  30  30  10  10  10   0   0   0   0   0   0
  0   0   0   0   0   0   0   0   0   0   0   0
  0   0   0   0   0   0   0   0   0   0   0   0
  0   0   0   0   0   0   0   0   0   0   0   0
  0   0   0   0   0   0   0   0   0   0   0   0
  0   0   0   0   0   0   0   0   0   0   0   0
  0   0   0   0   0   0   0   0   0   0   0   0
  0   0   0   0   0   0   0   0   0   0   0   0
  0   0   0   0   0   0   0   0   0   0   0   0
  0   0   0   0   0   0   0   0   0   0   0   0
  0   0   0   0   0   0  10  10  10  26  26  26
 58  58  58  90  90  90  18  18  18   2   2   6
  2   2   6 110 110 110 253 253 253 253 253 253
253 253 253 253 253 253 253 253 253 253 253 253
250 250 250 253 253 253 253 253 253 253 253 253
253 253 253 253 253 253 253 253 253 253 253 253
253 253 253 253 253 253 253 253 253 253 253 253
253 253 253 231 231 231  18  18  18   2   2   6
  2   2   6   2   2   6   2   2   6   2   2   6
  2   2   6   2   2   6  18  18  18  94  94  94
 54  54  54  26  26  26  10  10  10   0   0   0
  0   0   0   0   0   0   0   0   0   0   0   0
  0   0   0   0   0   0   0   0   0   0   0   0
  0   0   0   0   0   0   0   0   0   0   0   0
  0   0   0   0   0   0   0   0   0   0   0   0
  0   0   0   0   0   0   0   0   0   0   0   0
  0   0   0   0   0   0   0   0   0   0   0   0
  0   0   0   0   0   0   0   0   0   0   0   0
  0   0   0   0   0   0   0   0   0   0   0   0
  0   0   0   0   0   0   0   0   0   0   0   0
  0   0   0   6   6   6  22  22  22  50  50  50
 90  90  90  26  26  26   2   2   6   2   2   6
 14  14  14 195 195 195 250 250 250 253 253 253
253 253 253 253 253 253 253 253 253 253 253 253
253 253 253 253 253 253 253 253 253 253 253 253
253 253 253 253 253 253 253 253 253 253 253 253
253 253 253 253 253 253 253 253 253 253 253 253
250 250 250 242 242 242  54  54  54   2   2   6
  2   2   6   2   2   6   2   2   6   2   2   6
  2   2   6   2   2   6   2   2   6  38  38  38
 86  86  86  50  50  50  22  22  22   6   6   6
  0   0   0   0   0   0   0   0   0   0   0   0
  0   0   0   0   0   0   0   0   0   0   0   0
  0   0   0   0   0   0   0   0   0   0   0   0
  0   0   0   0   0   0   0   0   0   0   0   0
  0   0   0   0   0   0   0   0   0   0   0   0
  0   0   0   0   0   0   0   0   0   0   0   0
  0   0   0   0   0   0   0   0   0   0   0   0
  0   0   0   0   0   0   0   0   0   0   0   0
  0   0   0   0   0   0   0   0   0   0   0   0
  6   6   6  14  14  14  38  38  38  82  82  82
 34  34  34   2   2   6   2   2   6   2   2   6
 42  42  42 195 195 195 246 246 246 253 253 253
253 253 253 253 253 253 253 253 253 250 250 250
242 242 242 242 242 242 250 250 250 253 253 253
253 253 253 253 253 253 253 253 253 253 253 253
253 253 253 250 250 250 246 246 246 238 238 238
226 226 226 231 231 231 101 101 101   6   6   6
  2   2   6   2   2   6   2   2   6   2   2   6
  2   2   6   2   2   6   2   2   6   2   2   6
 38  38  38  82  82  82  42  42  42  14  14  14
  6   6   6   0   0   0   0   0   0   0   0   0
  0   0   0   0   0   0   0   0   0   0   0   0
  0   0   0   0   0   0   0   0   0   0   0   0
  0   0   0   0   0   0   0   0   0   0   0   0
  0   0   0   0   0   0   0   0   0   0   0   0
  0   0   0   0   0   0   0   0   0   0   0   0
  0   0   0   0   0   0   0   0   0   0   0   0
  0   0   0   0   0   0   0   0   0   0   0   0
  0   0   0   0   0   0   0   0   0   0   0   0
 10  10  10  26  26  26  62  62  62  66  66  66
  2   2   6   2   2   6   2   2   6   6   6   6
 70  70  70 170 170 170 206 206 206 234 234 234
246 246 246 250 250 250 250 250 250 238 238 238
226 226 226 231 231 231 238 238 238 250 250 250
250 250 250 250 250 250 246 246 246 231 231 231
214 214 214 206 206 206 202 202 202 202 202 202
198 198 198 202 202 202 182 182 182  18  18  18
  2   2   6   2   2   6   2   2   6   2   2   6
  2   2   6   2   2   6   2   2   6   2   2   6
  2   2   6  62  62  62  66  66  66  30  30  30
 10  10  10   0   0   0   0   0   0   0   0   0
  0   0   0   0   0   0   0   0   0   0   0   0
  0   0   0   0   0   0   0   0   0   0   0   0
  0   0   0   0   0   0   0   0   0   0   0   0
  0   0   0   0   0   0   0   0   0   0   0   0
  0   0   0   0   0   0   0   0   0   0   0   0
  0   0   0   0   0   0   0   0   0   0   0   0
  0   0   0   0   0   0   0   0   0   0   0   0
  0   0   0   0   0   0   0   0   0   0   0   0
 14  14  14  42  42  42  82  82  82  18  18  18
  2   2   6   2   2   6   2   2   6  10  10  10
 94  94  94 182 182 182 218 218 218 242 242 242
250 250 250 253 253 253 253 253 253 250 250 250
234 234 234 253 253 253 253 253 253 253 253 253
253 253 253 253 253 253 253 253 253 246 246 246
238 238 238 226 226 226 210 210 210 202 202 202
195 195 195 195 195 195 210 210 210 158 158 158
  6   6   6  14  14  14  50  50  50  14  14  14
  2   2   6   2   2   6   2   2   6   2   2   6
  2   2   6   6   6   6  86  86  86  46  46  46
 18  18  18   6   6   6   0   0   0   0   0   0
  0   0   0   0   0   0   0   0   0   0   0   0
  0   0   0   0   0   0   0   0   0   0   0   0
  0   0   0   0   0   0   0   0   0   0   0   0
  0   0   0   0   0   0   0   0   0   0   0   0
  0   0   0   0   0   0   0   0   0   0   0   0
  0   0   0   0   0   0   0   0   0   0   0   0
  0   0   0   0   0   0   0   0   0   0   0   0
  0   0   0   0   0   0   0   0   0   6   6   6
 22  22  22  54  54  54  70  70  70   2   2   6
  2   2   6  10  10  10   2   2   6  22  22  22
166 166 166 231 231 231 250 250 250 253 253 253
253 253 253 253 253 253 253 253 253 250 250 250
242 242 242 253 253 253 253 253 253 253 253 253
253 253 253 253 253 253 253 253 253 253 253 253
253 253 253 253 253 253 253 253 253 246 246 246
231 231 231 206 206 206 198 198 198 226 226 226
 94  94  94   2   2   6   6   6   6  38  38  38
 30  30  30   2   2   6   2   2   6   2   2   6
  2   2   6   2   2   6  62  62  62  66  66  66
 26  26  26  10  10  10   0   0   0   0   0   0
  0   0   0   0   0   0   0   0   0   0   0   0
  0   0   0   0   0   0   0   0   0   0   0   0
  0   0   0   0   0   0   0   0   0   0   0   0
  0   0   0   0   0   0   0   0   0   0   0   0
  0   0   0   0   0   0   0   0   0   0   0   0
  0   0   0   0   0   0   0   0   0   0   0   0
  0   0   0   0   0   0   0   0   0   0   0   0
  0   0   0   0   0   0   0   0   0  10  10  10
 30  30  30  74  74  74  50  50  50   2   2   6
 26  26  26  26  26  26   2   2   6 106 106 106
238 238 238 253 253 253 253 253 253 253 253 253
253 253 253 253 253 253 253 253 253 231 231 231
134 134 134 106 106 106 174 174 174 253 253 253
182 182 182  54  54  54 128 128 128 231 231 231
250 250 250 253 253 253 253 253 253 253 253 253
253 253 253 246 246 246 218 218 218 202 202 202
210 210 210  14  14  14   2   2   6   2   2   6
 30  30  30  22  22  22   2   2   6   2   2   6
  2   2   6   2   2   6  18  18  18  86  86  86
 42  42  42  14  14  14   0   0   0   0   0   0
  0   0   0   0   0   0   0   0   0   0   0   0
  0   0   0   0   0   0   0   0   0   0   0   0
  0   0   0   0   0   0   0   0   0   0   0   0
  0   0   0   0   0   0   0   0   0   0   0   0
  0   0   0   0   0   0   0   0   0   0   0   0
  0   0   0   0   0   0   0   0   0   0   0   0
  0   0   0   0   0   0   0   0   0   0   0   0
  0   0   0   0   0   0   0   0   0  14  14  14
 42  42  42  90  90  90  22  22  22   2   2   6
 42  42  42   2   2   6  18  18  18 218 218 218
253 253 253 253 253 253 253 253 253 253 253 253
253 253 253 231 231 231 149 149 149  94  94  94
154 154 154 182 182 182 101 101 101 250 250 250
116 116 116  10  10  10  14  14  14  42  42  42
128 128 128 231 231 231 253 253 253 253 253 253
253 253 253 253 253 253 250 250 250 221 221 221
218 218 218 101 101 101   2   2   6  14  14  14
 18  18  18  38  38  38  10  10  10   2   2   6
  2   2   6   2   2   6   2   2   6  78  78  78
 58  58  58  22  22  22   6   6   6   0   0   0
  0   0   0   0   0   0   0   0   0   0   0   0
  0   0   0   0   0   0   0   0   0   0   0   0
  0   0   0   0   0   0   0   0   0   0   0   0
  0   0   0   0   0   0   0   0   0   0   0   0
  0   0   0   0   0   0   0   0   0   0   0   0
  0   0   0   0   0   0   0   0   0   0   0   0
  0   0   0   0   0   0   0   0   0   0   0   0
  0   0   0   0   0   0   6   6   6  18  18  18
 54  54  54  82  82  82   2   2   6  26  26  26
 22  22  22   2   2   6 123 123 123 253 253 253
253 253 253 253 253 253 253 253 253 238 238 238
158 158 158 101 101 101 149 149 149 182 182 182
128 128 128  94  94  94  94  94  94 246 246 246
123 123 123  78  78  78  38  38  38  14  14  14
 18  18  18  62  62  62 158 158 158 238 238 238
253 253 253 253 253 253 253 253 253 250 250 250
238 238 238 198 198 198   6   6   6  38  38  38
 58  58  58  26  26  26  38  38  38   2   2   6
  2   2   6   2   2   6   2   2   6  46  46  46
 78  78  78  30  30  30  10  10  10   0   0   0
  0   0   0   0   0   0   0   0   0   0   0   0
  0   0   0   0   0   0   0   0   0   0   0   0
  0   0   0   0   0   0   0   0   0   0   0   0
  0   0   0   0   0   0   0   0   0   0   0   0
  0   0   0   0   0   0   0   0   0   0   0   0
  0   0   0   0   0   0   0   0   0   0   0   0
  0   0   0   0   0   0   0   0   0   0   0   0
  0   0   0   0   0   0  10  10  10  30  30  30
 74  74  74  58  58  58   2   2   6  42  42  42
  2   2   6  22  22  22 231 231 231 253 253 253
253 253 253 250 250 250 128 128 128  62  62  62
128 128 128 158 158 158 116 116 116 128 128 128
116 116 116  90  90  90  90  90  90 246 246 246
128 128 128 116 116 116 106 106 106 101 101 101
 38  38  38  10  10  10  22  22  22  54  54  54
149 149 149 250 250 250 253 253 253 253 253 253
253 253 253 246 246 246  46  46  46  38  38  38
 42  42  42  14  14  14  38  38  38  14  14  14
  2   2   6   2   2   6   2   2   6   6   6   6
 86  86  86  46  46  46  14  14  14   0   0   0
  0   0   0   0   0   0   0   0   0   0   0   0
  0   0   0   0   0   0   0   0   0   0   0   0
  0   0   0   0   0   0   0   0   0   0   0   0
  0   0   0   0   0   0   0   0   0   0   0   0
  0   0   0   0   0   0   0   0   0   0   0   0
  0   0   0   0   0   0   0   0   0   0   0   0
  0   0   0   0   0   0   0   0   0   0   0   0
  0   0   0   6   6   6  14  14  14  42  42  42
 90  90  90  18  18  18  18  18  18  26  26  26
  2   2   6 116 116 116 253 253 253 253 253 253
253 253 253 231 231 231  30  30  30  14  14  14
 30  30  30  62  62  62 134 134 134 210 210 210
174 174 174 101 101 101  86  86  86 250 250 250
128 128 128 116 116 116 149 149 149 210 210 210
134 134 134  38  38  38  46  46  46 154 154 154
174 174 174 198 198 198 253 253 253 253 253 253
253 253 253 253 253 253  94  94  94   6   6   6
  2   2   6   2   2   6  10  10  10  34  34  34
  2   2   6   2   2   6   2   2   6   2   2   6
 74  74  74  58  58  58  22  22  22   6   6   6
  0   0   0   0   0   0   0   0   0   0   0   0
  0   0   0   0   0   0   0   0   0   0   0   0
  0   0   0   0   0   0   0   0   0   0   0   0
  0   0   0   0   0   0   0   0   0   0   0   0
  0   0   0   0   0   0   0   0   0   0   0   0
  0   0   0   0   0   0   0   0   0   0   0   0
  0   0   0   0   0   0   0   0   0   0   0   0
  0   0   0  10  10  10  26  26  26  66  66  66
 82  82  82   2   2   6  38  38  38   6   6   6
 14  14  14 210 210 210 253 253 253 253 253 253
253 253 253 246 246 246 138 138 138  46  46  46
  6   6   6  18  18  18  54  54  54 166 166 166
174 174 174 101 101 101  74  74  74 238 238 238
123 123 123 101 101 101 166 166 166 182 182 182
 90  90  90 116 116 116 202 202 202 149 149 149
128 128 128 231 231 231 253 253 253 253 253 253
253 253 253 253 253 253 144 144 144   2   2   6
  2   2   6   2   2   6   2   2   6  46  46  46
  2   2   6   2   2   6   2   2   6   2   2   6
 42  42  42  74  74  74  30  30  30  10  10  10
  0   0   0   0   0   0   0   0   0   0   0   0
  0   0   0   0   0   0   0   0   0   0   0   0
  0   0   0   0   0   0   0   0   0   0   0   0
  0   0   0   0   0   0   0   0   0   0   0   0
  0   0   0   0   0   0   0   0   0   0   0   0
  0   0   0   0   0   0   0   0   0   0   0   0
  0   0   0   0   0   0   0   0   0   0   0   0
  6   6   6  14  14  14  42  42  42  90  90  90
 26  26  26   6   6   6  42  42  42   2   2   6
 74  74  74 250 250 250 253 253 253 253 253 253
238 238 238 221 221 221 238 238 238 166 166 166
 90  90  90  38  38  38  10  10  10  18  18  18
 46  46  46  46  46  46  62  62  62 246 246 246
101 101 101  42  42  42  62  62  62 116 116 116
190 190 190 141 141 141 116 116 116 141 141 141
221 221 221 250 250 250 253 253 253 253 253 253
253 253 253 253 253 253 182 182 182   2   2   6
  2   2   6   2   2   6   2   2   6  46  46  46
  2   2   6   2   2   6   2   2   6   2   2   6
 10  10  10  86  86  86  38  38  38  10  10  10
  0   0   0   0   0   0   0   0   0   0   0   0
  0   0   0   0   0   0   0   0   0   0   0   0
  0   0   0   0   0   0   0   0   0   0   0   0
  0   0   0   0   0   0   0   0   0   0   0   0
  0   0   0   0   0   0   0   0   0   0   0   0
  0   0   0   0   0   0   0   0   0   0   0   0
  0   0   0   0   0   0   0   0   0   0   0   0
 10  10  10  26  26  26  66  66  66  82  82  82
  2   2   6  22  22  22  18  18  18   2   2   6
149 149 149 253 253 253 253 253 253 214 214 214
 38  38  38  38  38  38 166 166 166 238 238 238
214 214 214 116 116 116  70  70  70  26  26  26
 10  10  10  26  26  26  42  42  42 182 182 182
 62  62  62  86  86  86 187 187 187 174 174 174
123 123 123 138 138 138 190 190 190 246 246 246
210 210 210 110 110 110 138 138 138 221 221 221
253 253 253 253 253 253 206 206 206   2   2   6
  2   2   6   2   2   6   2   2   6  38  38  38
  2   2   6   2   2   6   2   2   6   2   2   6
  6   6   6  86  86  86  46  46  46  14  14  14
  0   0   0   0   0   0   0   0   0   0   0   0
  0   0   0   0   0   0   0   0   0   0   0   0
  0   0   0   0   0   0   0   0   0   0   0   0
  0   0   0   0   0   0   0   0   0   0   0   0
  0   0   0   0   0   0   0   0   0   0   0   0
  0   0   0   0   0   0   0   0   0   0   0   0
  0   0   0   0   0   0   0   0   0   6   6   6
 18  18  18  46  46  46  86  86  86  18  18  18
  2   2   6  34  34  34  10  10  10   6   6   6
210 210 210 253 253 253 253 253 253 190 190 190
 38  38  38  14  14  14  26  26  26  86  86  86
198 198 198 238 238 238 174 174 174  90  90  90
 62  62  62  26  26  26  22  22  22  54  54  54
166 166 166 187 187 187 134 134 134 128 128 128
166 166 166 231 231 231 231 231 231 149 149 149
123 123 123 166 166 166 174 174 174 190 190 190
253 253 253 253 253 253 221 221 221   6   6   6
  2   2   6   2   2   6   6   6   6  30  30  30
  2   2   6   2   2   6   2   2   6   2   2   6
  2   2   6  82  82  82  54  54  54  18  18  18
  6   6   6   0   0   0   0   0   0   0   0   0
  0   0   0   0   0   0   0   0   0   0   0   0
  0   0   0   0   0   0   0   0   0   0   0   0
  0   0   0   0   0   0   0   0   0   0   0   0
  0   0   0   0   0   0   0   0   0   0   0   0
  0   0   0   0   0   0   0   0   0   0   0   0
  0   0   0   0   0   0   0   0   0  10  10  10
 26  26  26  66  66  66  62  62  62   2   2   6
  2   2   6  38  38  38  10  10  10  26  26  26
238 238 238 253 253 253 253 253 253 214 214 214
116 116 116  90  90  90  30  30  30  14  14  14
 38  38  38 110 110 110 214 214 214 195 195 195
116 116 116  62  62  62  54  54  54  54  54  54
138 138 138 116 116 116 128 128 128 221 221 221
246 246 246 166 166 166 116 116 116 174 174 174
166 166 166 141 141 141 138 138 138 206 206 206
253 253 253 253 253 253 231 231 231   6   6   6
  2   2   6   2   2   6  10  10  10  30  30  30
  2   2   6   2   2   6   2   2   6   2   2   6
  2   2   6  66  66  66  58  58  58  22  22  22
  6   6   6   0   0   0   0   0   0   0   0   0
  0   0   0   0   0   0   0   0   0   0   0   0
  0   0   0   0   0   0   0   0   0   0   0   0
  0   0   0   0   0   0   0   0   0   0   0   0
  0   0   0   0   0   0   0   0   0   0   0   0
  0   0   0   0   0   0   0   0   0   0   0   0
  0   0   0   0   0   0   0   0   0  10  10  10
 38  38  38  78  78  78   6   6   6   2   2   6
  2   2   6  46  46  46  14  14  14  42  42  42
246 246 246 253 253 253 253 253 253 210 210 210
134 134 134 116 116 116 110 110 110  54  54  54
 14  14  14  26  26  26  62  62  62 106 106 106
 54  54  54  70  70  70  78  78  78 110 110 110
 82  82  82  74  74  74  86  86  86 166 166 166
116 116 116 128 128 128 198 198 198 141 141 141
141 141 141 134 134 134 128 128 128 210 210 210
253 253 253 253 253 253 234 234 234  10  10  10
  2   2   6   2   2   6  22  22  22  14  14  14
  2   2   6   2   2   6   2   2   6   2   2   6
  2   2   6  66  66  66  62  62  62  22  22  22
  6   6   6   0   0   0   0   0   0   0   0   0
  0   0   0   0   0   0   0   0   0   0   0   0
  0   0   0   0   0   0   0   0   0   0   0   0
  0   0   0   0   0   0   0   0   0   0   0   0
  0   0   0   0   0   0   0   0   0   0   0   0
  0   0   0   0   0   0   0   0   0   0   0   0
  0   0   0   0   0   0   6   6   6  18  18  18
 50  50  50  74  74  74   2   2   6   2   2   6
 14  14  14  70  70  70  34  34  34  62  62  62
250 250 250 253 253 253 253 253 253 231 231 231
134 134 134 106 106 106 128 128 128 166 166 166
 90  90  90  22  22  22  14  14  14  30  30  30
 46  46  46  66  66  66 138 138 138 221 221 221
128 128 128  46  46  46  54  54  54 101 101 101
182 182 182 166 166 166 134 134 134 166 166 166
128 128 128 101 101 101 134 134 134 221 221 221
253 253 253 253 253 253 234 234 234  14  14  14
  2   2   6   2   2   6  30  30  30   2   2   6
  2   2   6   2   2   6   2   2   6   2   2   6
  2   2   6  66  66  66  62  62  62  22  22  22
  6   6   6   0   0   0   0   0   0   0   0   0
  0   0   0   0   0   0   0   0   0   0   0   0
  0   0   0   0   0   0   0   0   0   0   0   0
  0   0   0   0   0   0   0   0   0   0   0   0
  0   0   0   0   0   0   0   0   0   0   0   0
  0   0   0   0   0   0   0   0   0   0   0   0
  0   0   0   0   0   0   6   6   6  18  18  18
 54  54  54  62  62  62   2   2   6   2   2   6
  2   2   6  30  30  30  46  46  46  70  70  70
250 250 250 253 253 253 253 253 253 231 231 231
128 128 128 116 116 116 158 158 158 158 158 158
 74  74  74 110 110 110  82  82  82  18  18  18
 18  18  18 101 101 101 182 182 182 214 214 214
134 134 134  54  54  54 174 174 174 166 166 166
138 138 138 134 134 134  78  78  78 211 206 186
123 123 123 116 116 116 138 138 138 231 231 231
253 253 253 253 253 253 226 226 226  10  10  10
  2   2   6   6   6   6  30  30  30   2   2   6
  2   2   6   2   2   6   2   2   6   2   2   6
  2   2   6  66  66  66  58  58  58  22  22  22
  6   6   6   0   0   0   0   0   0   0   0   0
  0   0   0   0   0   0   0   0   0   0   0   0
  0   0   0   0   0   0   0   0   0   0   0   0
  0   0   0   0   0   0   0   0   0   0   0   0
  0   0   0   0   0   0   0   0   0   0   0   0
  0   0   0   0   0   0   0   0   0   0   0   0
  0   0   0   0   0   0   6   6   6  22  22  22
 58  58  58  62  62  62   2   2   6   2   2   6
  2   2   6   2   2   6  30  30  30  78  78  78
250 250 250 253 253 253 253 253 253 246 246 246
138 138 138 116 116 116  86  86  86 101 101 101
174 174 174  94  94  94  94  94  94 116 116 116
 54  54  54  70  70  70  90  90  90  46  46  46
 54  54  54  30  30  30 101 101 101 141 141 141
128 128 128  46  46  46  30  30  30  54  54  54
 78  78  78 110 110 110 138 138 138 238 238 238
253 253 253 253 253 253 206 206 206   2   2   6
 22  22  22  34  34  34  18  14   6  22  22  22
 26  26  26  18  18  18   6   6   6   2   2   6
  2   2   6  82  82  82  54  54  54  18  18  18
  6   6   6   0   0   0   0   0   0   0   0   0
  0   0   0   0   0   0   0   0   0   0   0   0
  0   0   0   0   0   0   0   0   0   0   0   0
  0   0   0   0   0   0   0   0   0   0   0   0
  0   0   0   0   0   0   0   0   0   0   0   0
  0   0   0   0   0   0   0   0   0   0   0   0
  0   0   0   0   0   0   6   6   6  26  26  26
 62  62  62 106 106 106  74  54  14 185 133  11
210 162  10 121  92   8   6   6   6  62  62  62
238 238 238 253 253 253 253 253 253 246 246 246
141 141 141 123 123 123 106 106 106 128 128 128
101 101 101 141 141 141 214 214 214 166 166 166
134 134 134 149 149 149 106 106 106  78  78  78
 90  90  90 138 138 138 154 154 154 195 195 195
190 190 190  86  86  86  46  46  46  14  14  14
 42  42  42 116 116 116 149 149 149 246 246 246
253 253 253 253 253 253 158 158 158  18  18  18
 14  14  14   2   2   6   2   2   6   2   2   6
  6   6   6  18  18  18  66  66  66  38  38  38
  6   6   6  94  94  94  50  50  50  18  18  18
  6   6   6   0   0   0   0   0   0   0   0   0
  0   0   0   0   0   0   0   0   0   0   0   0
  0   0   0   0   0   0   0   0   0   0   0   0
  0   0   0   0   0   0   0   0   0   0   0   0
  0   0   0   0   0   0   0   0   0   0   0   0
  0   0   0   0   0   0   0   0   0   6   6   6
 10  10  10  10  10  10  18  18  18  38  38  38
 78  78  78 142 134 106 216 158  10 242 186  14
246 190  14 246 190  14 156 118  10  10  10  10
 90  90  90 238 238 238 253 253 253 250 250 250
138 138 138 116 116 116  86  86  86 149 149 149
198 198 198 221 221 221 138 138 138  82  82  82
134 134 134 128 128 128  82  82  82 106 106 106
 82  82  82 138 138 138 138 138 138 128 128 128
187 187 187 221 221 221 166 166 166  70  70  70
 54  54  54 116 116 116 166 166 166 246 246 246
238 204  91 238 204  91 181 142  44  37  26   9
  2   2   6   2   2   6   2   2   6   2   2   6
  2   2   6   2   2   6  38  38  38  46  46  46
 26  26  26 106 106 106  54  54  54  18  18  18
  6   6   6   0   0   0   0   0   0   0   0   0
  0   0   0   0   0   0   0   0   0   0   0   0
  0   0   0   0   0   0   0   0   0   0   0   0
  0   0   0   0   0   0   0   0   0   0   0   0
  0   0   0   0   0   0   0   0   0   0   0   0
  0   0   0   6   6   6  14  14  14  22  22  22
 30  30  30  38  38  38  50  50  50  70  70  70
106 106 106 190 142  34 226 170  11 242 186  14
246 190  14 246 190  14 246 190  14 154 114  10
  6   6   6  74  74  74 226 226 226 253 253 253
206 206 206 138 138 138 187 187 187 246 246 246
187 187 187 110 110 110 101 101 101  62  62  62
123 123 123 134 134 134 116 116 116 238 238 238
 94  94  94 134 134 134 134 134 134  54  54  54
 26  26  26 101 101 101 231 231 231 231 231 231
128 128 128 128 128 128 214 214 214 228 184  62
241 196  14 241 208  19 232 195  16  38  30  10
  2   2   6   2   2   6   2   2   6   2   2   6
  2   2   6   6   6   6  30  30  30  26  26  26
203 166  17 154 142  90  66  66  66  26  26  26
  6   6   6   0   0   0   0   0   0   0   0   0
  0   0   0   0   0   0   0   0   0   0   0   0
  0   0   0   0   0   0   0   0   0   0   0   0
  0   0   0   0   0   0   0   0   0   0   0   0
  0   0   0   0   0   0   0   0   0   0   0   0
  6   6   6  18  18  18  38  38  38  58  58  58
 78  78  78  86  86  86 101 101 101 123 123 123
175 146  61 210 150  10 234 174  13 246 186  14
246 190  14 246 190  14 246 190  14 238 190  10
102  78  10   2   2   6  46  46  46 198 198 198
253 253 253 246 246 246 221 221 221 123 123 123
110 110 110 128 128 128  86  86  86  90  90  90
116 116 116 138 138 138 128 128 128 250 250 250
106 106 106 138 138 138 128 128 128  62  62  62
 22  22  22  18  18  18  46  46  46 166 166 166
246 246 246 246 246 246 253 253 253 224 178  62
242 186  14 241 196  14 210 166  10  22  18   6
  2   2   6   2   2   6   2   2   6   2   2   6
  2   2   6   2   2   6   6   6   6 121  92   8
238 202  15 232 195  16  82  82  82  34  34  34
 10  10  10   0   0   0   0   0   0   0   0   0
  0   0   0   0   0   0   0   0   0   0   0   0
  0   0   0   0   0   0   0   0   0   0   0   0
  0   0   0   0   0   0   0   0   0   0   0   0
  0   0   0   0   0   0   0   0   0   0   0   0
 14  14  14  38  38  38  70  70  70 154 122  46
190 142  34 200 144  11 197 138  11 197 138  11
213 154  11 226 170  11 242 186  14 246 190  14
246 190  14 246 190  14 246 190  14 246 190  14
225 175  15  46  32   6   2   2   6  22  22  22
158 158 158 246 246 246 101 101 101  38  38  38
 46  46  46  74  74  74 182 182 182 198 198 198
116 116 116 134 134 134 123 123 123 246 246 246
110 110 110 134 134 134 149 149 149 195 195 195
128 128 128  38  38  38  38  38  38 123 123 123
211 206 186 250 250 250 242 242 242 224 178  62
239 182  13 236 186  11 213 154  11  46  32   6
  2   2   6   2   2   6   2   2   6   2   2   6
  2   2   6   2   2   6  61  42   6 225 175  15
238 190  10 236 186  11 112 100  78  42  42  42
 14  14  14   0   0   0   0   0   0   0   0   0
  0   0   0   0   0   0   0   0   0   0   0   0
  0   0   0   0   0   0   0   0   0   0   0   0
  0   0   0   0   0   0   0   0   0   0   0   0
  0   0   0   0   0   0   0   0   0   6   6   6
 22  22  22  54  54  54 154 122  46 213 154  11
226 170  11 230 174  11 226 170  11 226 170  11
236 178  12 242 186  14 246 190  14 246 190  14
246 190  14 246 190  14 246 190  14 246 190  14
241 196  14 184 144  12  10  10  10   2   2   6
  6   6   6 116 116 116 154 154 154  38  38  38
 10  10  10  18  18  18 116 116 116 218 218 218
123 123 123 134 134 134 134 134 134 250 250 250
110 110 110 134 134 134 166 166 166 221 221 221
128 128 128  74  74  74 187 187 187 141 141 141
202 202 202 231 231 231 198 198 198 214 170  54
236 178  12 236 178  12 210 150  10 137  92   6
 18  14   6   2   2   6   2   2   6   2   2   6
  6   6   6  70  47   6 200 144  11 236 178  12
239 182  13 239 182  13 124 112  88  58  58  58
 22  22  22   6   6   6   0   0   0   0   0   0
  0   0   0   0   0   0   0   0   0   0   0   0
  0   0   0   0   0   0   0   0   0   0   0   0
  0   0   0   0   0   0   0   0   0   0   0   0
  0   0   